00000000000000000000001000110011
00000000000000000000001000110011
00000000000000000000001000110011
00000000000000000000001000110011
00000000000000000000001000110011
00000000000000000000001000110011
00000000000000000000001000110011
00000000000000000000001000110011
00000000000000000000001000110011
00000000000000000000001000110011
00000000000000000000001000110011
00000000000000000000001000110011
00000000000000000000001000110011
00000000000000000000001000110011
00000000000000000000001000110011
00000000000000000000001000110011
00000000000000000000001000110011
00000000000000000000001000110011
00000000000000000000001000110011
00000000000000000000001000110011
00000000000000000000001000110011
00000000000000000000001000110011
00000000000000000000001000110011
00000000000000000000001000110011
00000000000000000000001000110011
00000000000000000000001000110011
00000000000000000000001000110011
00000000000000000000001000110011
00000000000000000000001000110011
00000000000000000000001000110011
00000000000000000000001000110011
00000000000000000000001000110011
00000000000000000000001000110011
00000000000000000000001000110011
00000000000000000000001000110011
00000000000000000000001000110011
00000000000000000000001000110011
00000000000000000000001000110011
00000000000000000000001000110011
00000000000000000000001000110011
00000000000000000000001000110011
00000000000100010000001000110011
00000000000100010000001000110011
00000000000100010000001000110011
00000000000100010000001000110011
00000000000100010000001000110011
00000000000100010000001000110011
00000000000100010000001000110011
00000000000100010000001000110011
00000000000100010000001000110011
00000000000100010000001000110011
00000000000100010000001000110011
00000000000100010000001000110011
00000000000100010000001000110011
00000000000100010000001000110011
00000000000100010000001000110011
00000000000100010000001000110011
00000000000100010000001000110011
00000000000100010000001000110011
00000000000100010000001000110011
00000000000100010000001000110011
00000000000100010000001000110011
00000000000100010000001000110011
00000000000100010000001000110011
