00000000000000000000000000000000
11001011000100101001011101110011
11001111100011100000001010100011
00111100110100010110010000010110
10011110101010000000101101001111
10101010001001010110000001011110
10100101110000001101111001001100
11011010100000100111101000110101
00100010001001101101110001011010
11111100010011110010110011011000
11100001011010011101011100000100
10011110010000110111100010011110
10101011111011001010110011100100
00001010010111100001000110100111
01000011001100011011100011101100
01111110111011100101100001111011
01000001110101111111010110000101
00000000010101101010000100011111
00101011011010000001010110101001
11000000000100110010000100100011
00100010001111101101110001000101
11111000011101001110100101010011
10010101101010111111011110100111
01100001100101110110111111011011
01011111100001000010101000010111
10100110100011110001000010100110
00010111001101101111101110110101
01000010100000000110000101101100
01011100110010000010100010110011
10011001010111100111001000111101
01100101001111011001100101010011
11101000011101111010110000101101
00111101011010010110001110111001
11101111000011010100111001000001
01001001000000001111000101110000
11110100101111011101100000100011
00010110110011011101100001111000
01111101010101110011001001010011
10101101100011000100101011011010
01000000101100010101101111011101
10000101001011110010111001100110
11100100010110010110100011011110
00101110110011001010010011101011
01100011000110111001001100100110
01001110011111111000000000111001
00011101100001101110110111101101
11011111000010100110101101100100
11101100011110001001111111000010
01111101000011011001011011101100
01101101001100000000001101100100
01000111010000000000110010100100
01000010111111001001010110101111
11001001001010000101101001100010
11001100011001100001001010111111
00011100011001001001100111000000
10100010101101100010101000100001
10000101101000010100100010000101
10001100001000101001110111010000
00001000101001011100110010101111
00100001000110000110001111111110
10001000000001101001000000100000
01010001001101011010000101010101
00111100110111101111010100001111
01001011000110010010100011011011
01010000001111011010110110010110
00001000101001100101111111001111
10100100111011110111111110111100
01101010100000001000110010010110
11101111001010101000100110000111
10111001010011101011001100100100
00011111011110111011001000000001
10101110100011101011101001100011
01011000111100100101011011001110
10001011001111011001001111011110
01001010000111000100000110000000
10010010101011011111110101111110
10000100001111110010101000100100
01010110111000000100001011100011
11010101100000110011111011011000
11111000101001000101110101110101
11000110111010010000111100011101
11000110111000010100000011010001
10101100100101010001000111101111
00001000111000110000000000110011
00111010100010110001100101000111
01101001011011110010000111101101
10110001100100010000000011111110
00000010000001010010011000000111
01100011100000110011110001010101
10000001010101000111101010110011
10100111101100011101000100111000
00010111100111100000000110100000
00000100011100001101000100000101
11011010000010111111101100001001
11111000101000101101010010011100
10000001010110101000110100001001
10011110100100011101000111010001
00101110001110011000111010011011
01000110010011100011000110100011
11010100111001101001010100011111
11010001101110000011101110111011
01001001100000010100000010100010
00000101010111110010110000000010
01111101110010010000011001010111
01011110000110000011011100011011
11100011011110001101011111011010
01001111011000110001010111000101
00000011011111011001100111011100
11001101000000000010101111110000
01001111010100110110001100101000
11100111100011000101001010011101
10010101001000011111011100011010
01100010010010000011001110110000
01010100010110110110110000111010
00111111101110111011000010101101
01001100011010100001111110001010
11100110000111100110011011011111
00011111111100000101001110111000
11110000011001110100100001000011
00010100111001100111000101100011
11011010000100010100101001010110
11111010011001000111111100101101
11100110000101001101010011110100
01011001011001100001110001110100
00011101110011010101110111010111
10101000101001001110100011100011
01101101111010010000010000010100
00101011110011100100101110000010
11011100110100001000001000111111
00010110101001111110100110100100
11001001111010100100010110001110
01101101110001100010010101101111
10010000010101101100010111111111
11010101101101010010001010111011
00110010111100111101101011101101
01111110110000111101000011010100
11010111101001111100000100010000
00011101111101110100111010001001
01011111101011001000010111110000
01101111110000001110010110001011
00000000011100100101101100001001
10110010100111010110011000100001
01000000010001111100101111111110
11001010110001100000111000011110
10001001000101110001111001000010
00011100111000000001010000001010
11010000010100101000000000000010
00110100001001111111000000101010
00001010110010100101111101011001
01111100101001111101111110111010
10111000000001111010111000101000
10011100001011011111101101010110
10110111111010000010010010111100
00010000111110101111001011110010
10000000000000011100110011111111
11100011010110101011010011110000
10010100000100111100110100001011
10011111000100101100100011010010
01100111110111000110000000001000
01010110111100101111000000101110
10110110001111010101101010010111
00100100000111100110001110111100
01000111000000011111000111000001
01001110101000010011011101100100
01001001011001001111010011010110
01011011100111111110101001101111
01111100100100111010001011010000
11101111100100010010101110110101
01001011011001011010001110101011
10010110111001110100110111000110
01110100000100101001010111101001
01111010011011001011000011101000
11010011101101111010110001010111
10000101100010111011100110111001
11001100110011110101010011000000
00111001101000100110001000001100
10100011010110010101100000101110
10000001110010110001000111011000
11000111100110110011111001100110
01110010101010100000100000011110
10110000101011110001001000100101
00000111101100011000101101000000
10010010100100001100100110100111
01011110101100111010111000000100
01000001110110110001101010001110
11111111110110101011001100111000
11111110000010101011001111011001
10110110011101101101111100011111
10100101101011011001010110011001
11000010000111001110111011110110
01011110001000111110100010010110
01100010101010101111110010101000
11100001001010101101000000010110
10000111101000001010001110100001
00110110111001100100001010101011
01110000000100011000000110101100
11001011010100101011100000101111
00110101111101011111000010111111
10111001001001001011101101010001
01001101110111011111011110001010
01010001001100101001011001010011
00110011111100100011001010111011
10100100011111010000000001010101
11001111111001111100011001011110
11011111110011101001111010010001
01100001110000100011001010101100
11101000010100111110010000001111
10100101001101111000001111000101
00010100010110011100110111011011
11010101100000100011000101100111
01001101000110001001010010010111
10111010000111110101000100101110
00010000110011101110001101000010
01111110000001100101110110100011
00000100111011000010100001011000
11100110000100110101010001010001
11111101000100111110111101001010
10110010000111011111100110000111
00001101010001101011100101000111
10011100101010000001110101011000
10101100001011010111111101011101
01110111001111110001011001001000
00101110010001100011010111010110
10110110100101100101001010111000
00101011010001000110000101110010
00001000010001011001000010111000
01000000110101100001101011110110
01011010110101011011111001101010
01100001101110110010111000110010
11011011010000010111000011110101
00010101100110111110010001011000
10111000100010001100001101010010
00011010001001011111000011101100
10111001101011111010011101001011
00011111000000110001010001111110
11110001010111001101111001100001
01111111000110001011110011010111
11100010110011011100111111111011
11011110010010110100110101011010
00101111001011001011010011000011
01101000100011000111000110000110
10111110101111001011101001001100
10101110010001110011011100001100
00001010011000000010000000110011
00111110101001010000000110101101
10011000100101000001100001100101
00100110010110110000101100111010
00000100001011010101110011010011
11101101010101100111110100101111
11011011001010111010111110101011
10010111101111011010111010001001
11011010101101101100101001110010
11000001011101111011100110110101
00101110111010011000111111101000
11111010101111010000110110100000
10011111011010001100000011001000
11011100001111000101011100100101
10011111010111000010101100000010
11010011011100100101101111001001
01010100011000111011011101111100
11100010010100000101010100101000
10100010110111101011000100011111
01010000010011110000010010110011
01010100101010000101100001101101
01001001101010001010110000010100
01001111110110010001100111001110
11010110111110100010011010110011
11101100100000010000111101000010
10001111011100001001011010110001
01000000111110001001111111011001
01000000010010010001111010111110
01110010111101001111111011110001
00001100001010110111001101001110
10110100110001100001100011100111
10110100010100011110001101001100
10010101110000111100011111110000
10111101010001110000100010000010
10111000001010100010110010001100
01011101001000010110010111110010
11111111011111111101110100011100
10001111011111110100111000111110
10111000011110011001101111100110
10001011100011100110100011001100
00111010001100001111111111010011
01100001101111001011011111011101
11010011111010011111000110001001
01011110000001010011111110101111
01110101000100111001110000011001
11011010010010011110100100101101
00010011101110010110100110000100
11000000111111101111001011011010
10011111111000110100101110011111
10110000001010101110001011101000
01010101111000001101110100100100
10011010110101011011010100110100
11000000000011101001100001010010
11000110001111110110010000110010
10000011100001111111111001111001
11001101010110000110110101010001
00101110110110100110100000010011
01001100111001110001101001110110
01110101111001000110010000001100
01110100110111111101001101000000
00110010101111100000111111010001
01010010100000010110110011000010
10100111111101111011101010001111
01101111110010000000111100100010
01110011100111110110101000100100
11110010010100100000011101111000
11101001100000011000000110010001
11101000111111010100000111101100
11001001111101001110010110101000
00100010110011001101011000011111
11010000101011100111011010001110
00010100100100101001100000111101
11000010101010110001111101101100
11111010101011011001100010001010
01000011011001001011101010100100
11111100001100111101001100001111
10100001011011000000100010100000
01111100011010111111100110110000
11000111110010111111110000100000
01011001001110000101101011101100
00110010010110101100110110100000
00000011111111000111000001101100
11011010100001011011110011010101
00100101100100011111101110010100
00010101100000000110100011011101
00101101001100010101101111101100
00011111111011011110011011001010
01000000000001001011100001101000
11011010111110001011000010010011
10101011000001110101100010010111
11001110011001110001101000100011
00010011010011101001000001100111
10001101001010111010000001101000
10100010011111110111001111101101
11110011001111011011101111101111
11100000110101011100011100110010
10011110010010100001110010111011
11110010110100111000100100010110
11001011111110101101101011010111
11100101111110111111100001000010
01001011100010000101010101010001
11110110011011001110000101101010
01110001100010011111000001111001
10110000101111001010010001011100
00110110101110100101110100010101
10101000111110110110000111100001
00110101111101001110100001100000
11000010111111001000100111100100
10101001010111000010110111011101
00100111000011110011000010010111
01000111000101101110000100110100
11110110101000011101011011101011
10110100101111000010010101000110
00101001011011100111100001011110
01111111010011111101111010000001
11100000101001010011110101000111
01111110000110101000110101000011
01100111100100001011111010101101
01000110101111101100111111100010
11010001011110101000000001110011
00111111111100010010100011110011
01011000110010110100101110110001
00000101000010110100001110100101
00101011000001110110111011010011
11100110101010101101000011010000
11110001111100010001100010000001
10000100111110000001001000110110
00101100101010011001001101011001
01001001101010111010000100001100
11011000101010011010110110011001
10000110110010000100111101011110
11101110001101000010000001011001
10110101010110101101010000110110
01111001110001110101111011100110
00101110001101100010011110101101
00110000111110011110010000110001
11011111010011110110001101100011
11110000011101001011011011111011
10100110011010111100000010000101
10111000111110110010000100000011
10100111110101111110110110010100
11101110100100110111010011010011
00110111110000110001100101110110
11100101010110101110101111110101
01010100011001100111100111001100
01100111011110101010001101101000
11010101010011011111010000110110
00001011010100101111100001110110
01110110011000100100110101100011
01101010010100011100111110100011
00111110101101000110000101010110
11100000111111010000111110011101
10110100011111010100011001011100
11101010010110100111101101001001
10110001010001110001011111110101
00011100011100110011001101001001
11110101111010101000010111001000
10100100100000010011011101111010
01111000110100000010101011100100
01100100001010000100001001111010
11000001010111011001010110000110
01011100011111001010110100001000
10101100000001100011011100101011
10101001011001011001100101100110
11110101101111111001001111011010
00010100101100101001110010110111
11000000111110001011000101110000
11110001011000010011110010101101
00110010101001010011101000010001
01101011100000100001000100011110
01001100011010000011100110100101
10111000111001000111100100111101
00110100011010001111001011111001
01111011101110011111000100110101
10010101110010100100101100101001
11101000000000001101101000010111
01110111000001111101000001011010
00111111010000010111001100010000
00011110111010101001100101001101
00001101001000101011100011011001
00000000000010010101010001001100
11111111100000111000101011111100
11111111100000111001010001011110
01001111100010101000100111010001
01001110011010011110011101000101
11110000101001000001001001110101
11010111110000100101011111011010
10010010010000001111001110010000
10001100011111010110001110000100
01110110010111000011100011000110
10110011111111001101100110010010
10110010100001010010100101110100
11101100100010111010110001110111
10110100011001011010011010010110
00101101100101001011101001101101
00011000000001011001000110000111
00001110000110010111111011000111
11111010110100111110001011101001
10110110110011100110100100100101
11011001110100000110000010110111
11010000100000111001100010011110
10101110001101111111001101101111
01110101010110011111110110011111
01101011001000011001101111000110
10100010001000110100001010001000
11110111011011011100001110111100
01010111100110110101100000110011
10001000110010001100111011001100
11111010100101000010001011101001
01010000101110001010101100010000
00101100001010010101100100101010
01101101101001000110000001100010
10111010000100100100011010011100
01001010110111111010000010110110
10100011010000100101011100111101
11110101001110111010101100000001
01110001011011101001001111101110
11000001101101101111101110100110
10110001010101011011001010010000
00110010010101110101101111110101
11111110110011001111111011101000
11000000101110111001101000111101
01100101110101010000110011101001
00110110010111110101101011101110
01000001010000000011011110001001
10001110110101010011001010110101
10011010000101110110010110111010
10111011000101100010101001000111
00000100101010000011111110101110
10001001011011000111101111111111
01110101011001011111010011010110
11111101101011111110100100010100
10101011110100010010001111010111
11101110100111101100001111101111
01011100010100001001001000000001
10111101110100000110010101000110
10011011101110110000011010000000
01101000001101011000010101100011
11010110000011110100001000101100
01010100101101111000011001011000
11101110000111110110100110000111
01110000101011100000101100011100
10000000110010011101100001111010
10111000100100001110000001000101
10111100011100011110100010000110
01000010111111111000100000111000
01100000001111100000011011101010
10011010000001100001110010100101
00111110001101001001100011001100
01001111000101111001111101110010
01101110001011110011100100000110
11010011100101010111000001010000
10001110001111100111001000100110
00000111001000110111011011001111
01011100101001100111100010011110
00001110001000111100001011111100
10001001011001010010100110101101
00111110111111000010010001001010
11010101001011101111111101011011
11011111101011101100111000011010
10110100011010101010000000111110
00011111111110001001100101110101
10101010001001011100011011111000
00100001010101010111000111111100
00001001011011011110110101010000
10100000000101000110101010001000
10000100001010001110101100001011
11011001000100110110010000111111
01000000111101011010000011111000
